fortran_eig = [
   0.0000000000000000     
  -1.3182355527818166     
  0.24155411091837392     
  0.97668144186344252     
  -1.0766814418634427     
 -0.34155411091837384     
   1.2182355527818167     
  -9.9999999999999978E-002
  -1.3182355527818159     
  0.24155411091837373     
  0.97668144186344241     
  -2.2039911689290670     
  -1.0766814418634427     
  -1.0741491679558695     
 -0.34155411091837390     
  0.24743153450517619     
  0.48312775089536730     
   1.2182355527818165     
   1.2205564492536130     
   2.1270246022307804     
  -1.9610230033230569     
 -0.99312802795333199     
 -0.83384056291360342     
 -0.10000000000000009     
  -9.6135194005481678E-002
  0.49002453065893919     
   1.1634619800517654     
   1.4609617156736499     
   2.3696785618111207     
 -0.75006484418945907     
  0.14413931747438385     
   1.4059255267150752     
  -1.0766814418634423     
 -0.34155411091837390     
   1.2182355527818167     
  -1.9610230033230571     
 -0.99312802795333166     
 -0.83384056291360353     
  -9.9999999999999978E-002
  -9.6135194005481775E-002
  0.49002453065893908     
   1.1634619800517649     
   1.4609617156736494     
   2.3696785618111211     
  -1.7180491154273358     
 -0.75006484418945918     
 -0.74790294030290294     
  0.14413931747438338     
  0.51171219579791538     
  0.73263388148002540     
   1.4059255267150750     
   1.4092677324526253     
   2.6123382459996711     
 -0.50592552671507507     
  0.75586068252561600     
   1.6500648441894592     
  -9.9999999999999978E-002
 -0.75006484418945907     
  0.14413931747438385     
   1.4059255267150752     
 -0.50592552671507507     
  0.75586068252561600     
   1.6500648441894592     
   1.0000000000000000     
]

